  -3.9111694e+00   3.1904183e+00   1.0000000e+00
  -4.7114477e+00   2.8072351e+00   -1.0000000e+00
   2.3003842e+00   5.6474362e+00   1.0000000e+00
  -2.9475509e-01   5.3259492e-01   -1.0000000e+00
  -1.3773077e+00   4.5486944e+00   1.0000000e+00
   2.3554527e+00   6.8772520e+00   1.0000000e+00
   3.7458560e+00   5.0270389e+00   -1.0000000e+00
   1.3030254e+00  -8.7336136e-02   -1.0000000e+00
   4.1970271e+00   3.1422412e-01   -1.0000000e+00
   3.3733009e-01  -4.9185086e-01   -1.0000000e+00
   3.4622859e+00   8.9036278e+00   -1.0000000e+00
   3.3682113e+00   7.1926614e+00   -1.0000000e+00
   1.2962974e+00  -3.3159507e-01   -1.0000000e+00
   4.5710389e-01   4.0930303e-01   -1.0000000e+00
   1.1527129e+00   1.2589606e+00   -1.0000000e+00
   4.3243934e+00   1.6084642e-01   -1.0000000e+00
   3.5291502e+00   6.1007359e+00   1.0000000e+00
   2.7894229e+00   6.4842970e+00   1.0000000e+00
   5.8539276e-01  -3.5057302e-01   -1.0000000e+00
   2.6975635e+00  -1.9947076e-01   -1.0000000e+00
   3.0478872e+00   6.0873465e+00   1.0000000e+00
  -3.5735121e+00   2.2899396e+00   1.0000000e+00
   3.3284822e+00   6.0483620e+00   1.0000000e+00
   2.2326172e+00   3.2570996e+00   -1.0000000e+00
   3.1377260e+00   5.6390220e+00   1.0000000e+00
   1.6152286e+00   1.1461034e-01   -1.0000000e+00
   5.5908298e-01   1.1982419e+00   -1.0000000e+00
   3.7547638e+00   5.6373275e+00   1.0000000e+00
   3.0130847e+00   2.7469755e-01   -1.0000000e+00
   6.1272490e-01   3.6728694e+00   -1.0000000e+00
   1.2845679e+00  -4.0396407e-01   -1.0000000e+00
  -3.1846438e-03   2.6192221e+00   -1.0000000e+00
  -2.7183578e+00   5.7085164e+00   1.0000000e+00
  -2.2421317e-01   8.7436969e-02   -1.0000000e+00
   2.4339511e+00   5.3190967e+00   1.0000000e+00
   3.3307921e+00   5.7356216e+00   1.0000000e+00
   6.6581936e-01  -1.7195438e-01   -1.0000000e+00
  -2.8966799e+00   4.7988317e+00   1.0000000e+00
   6.3593788e-01  -3.6429018e-01   -1.0000000e+00
   5.4428477e-01  -2.1068429e+00   -1.0000000e+00
   8.6001671e-02   2.7026663e+00   -1.0000000e+00
   2.6252916e+00   5.5497810e+00   1.0000000e+00
  -4.7687105e-01   1.2285848e+00   -1.0000000e+00
  -2.9986572e+00   2.4882103e+00   1.0000000e+00
  -1.5983155e+00   1.5385070e+00   1.0000000e+00
   2.5879429e+00   6.1765254e+00   1.0000000e+00
   6.3645433e-01   1.3567702e+00   -1.0000000e+00
  -3.3547061e+00   1.4182523e+00   1.0000000e+00
   2.6069606e+00   6.3326012e+00   1.0000000e+00
   2.7688492e-01   1.4581071e+00   -1.0000000e+00
   5.3199385e-01   6.7121493e+00   -1.0000000e+00
   2.2170891e+00   5.5684053e+00   1.0000000e+00
  -1.9874277e-01   1.6810567e+00   -1.0000000e+00
   2.9959751e+00   6.1812103e+00   1.0000000e+00
   3.2834758e+00   5.4250762e+00   1.0000000e+00
   3.2587563e+00   6.7117595e+00   -1.0000000e+00
   3.3036799e+00   2.8663536e+00   -1.0000000e+00
   8.0578387e-01   3.0349238e+00   -1.0000000e+00
   3.1717005e+00   7.1457037e+00   1.0000000e+00
  -1.3622236e+00   2.1721328e+00   1.0000000e+00
   5.6363695e-01   1.0155818e+01   -1.0000000e+00
   2.3612793e+00   7.3038633e+00   1.0000000e+00
   2.7544986e+00   5.2730445e+00   1.0000000e+00
   9.7331457e-01   1.4965462e+00   -1.0000000e+00
  -3.8631665e-02  -5.7450643e-01   -1.0000000e+00
   1.9427423e-01   6.4719303e+00   -1.0000000e+00
  -2.0370213e+00   3.7733358e+00   -1.0000000e+00
   2.5056628e+00   7.0039438e+00   1.0000000e+00
   2.5343274e+00   5.8426326e+00   1.0000000e+00
  -7.5773610e-01   4.9938060e+00   -1.0000000e+00
  -1.9408107e+00  -2.5696529e+00   -1.0000000e+00
   2.8515753e+00   5.4920486e+00   1.0000000e+00
   3.9900591e-01   8.5360207e-01   -1.0000000e+00
  -2.0364167e+00   4.7588064e+00   1.0000000e+00
   2.3879778e+00   6.8627563e+00   1.0000000e+00
   8.9646187e-01   3.0966649e+00   -1.0000000e+00
   2.1800040e+00  -2.6882937e-01   -1.0000000e+00
   3.8340179e+00   5.9496895e+00   1.0000000e+00
   2.8233744e+00   6.0783503e+00   1.0000000e+00
   1.1401313e+00   2.4035687e+00   -1.0000000e+00
